3 0.573508 0.712635 0.038391 0.019508
4 0.440047 0.700000 0.145437 0.056159
4 0.655969 0.771288 0.141594 0.080281
1 0.653594 0.707400 0.029531 0.081967
3 0.693250 0.820550 0.046500 0.030609
6 0.954055 0.703255 0.091891 0.064684
6 0.452789 0.104485 0.029984 0.150562
6 0.377508 0.207646 0.014672 0.096370
6 0.196422 0.195222 0.008000 0.109415
6 0.314328 0.087412 0.010063 0.107611
6 0.230187 0.073700 0.012687 0.120562
6 0.339688 0.088712 0.009656 0.113255
6 0.427406 0.098267 0.017688 0.104778
6 0.139547 0.198525 0.014625 0.105199
6 0.469102 0.214333 0.014203 0.096815
6 0.368805 0.213489 0.024016 0.094754
6 0.351148 0.204766 0.009391 0.101710
6 0.499219 0.399297 0.998437 0.798595