0 0.615391 0.411156 0.012531 0.055979
0 0.590367 0.416885 0.010734 0.043604
0 0.580180 0.413521 0.011016 0.057375
0 0.604320 0.416000 0.011266 0.050500
0 0.692109 0.616760 0.028625 0.065354
0 0.731344 0.626990 0.015500 0.076146
0 0.632141 0.354646 0.014688 0.035625
0 0.591961 0.298708 0.016391 0.031583
0 0.639766 0.292698 0.015281 0.032813
0 0.656930 0.290937 0.016641 0.035125
1 0.250000 0.508854 0.041844 0.043333
1 0.197148 0.513687 0.036297 0.040667
1 0.291938 0.501510 0.031469 0.033604
1 0.322883 0.492990 0.031234 0.032313
1 0.266141 0.504708 0.033937 0.044250
1 0.813328 0.301813 0.024063 0.044542
1 0.844102 0.305635 0.023734 0.028563
1 0.795688 0.314125 0.009781 0.017083
1 0.279133 0.443010 0.027734 0.039271
1 0.220984 0.507156 0.023938 0.042104