6 0.477047 0.452781 0.012063 0.056021
6 0.839195 0.644198 0.023422 0.089188
6 0.814414 0.299198 0.006797 0.066521
6 0.878453 0.535823 0.040031 0.091646
6 0.917438 0.415219 0.009938 0.078854
6 0.887039 0.294844 0.007172 0.064229
6 0.911641 0.542250 0.027750 0.084958
6 0.862789 0.412146 0.029203 0.086958
6 0.947164 0.285385 0.028516 0.073104
6 0.877008 0.413323 0.021453 0.079521
6 0.895266 0.540635 0.031719 0.081813
6 0.892984 0.652990 0.030219 0.093521
2 0.610938 0.948875 0.195875 0.102250
6 0.467852 0.454937 0.008766 0.053250
6 0.678906 0.533333 0.639062 0.683333