0 0.787367 0.470917 0.025953 0.101458
0 0.661383 0.435750 0.023859 0.072875
0 0.875203 0.306062 0.012937 0.040125
2 0.534055 0.913604 0.259547 0.172792
2 0.302141 0.676896 0.242250 0.200208
8 0.229203 0.324344 0.044344 0.087271
0 0.580359 0.235021 0.007562 0.023667
0 0.185500 0.295437 0.012937 0.041750
0 0.131609 0.304938 0.011906 0.048917
1 0.067937 0.443406 0.032250 0.071521
2 0.029945 0.422583 0.059891 0.071625
8 0.340773 0.750240 0.107172 0.301812
8 0.751734 0.468052 0.051781 0.154229
8 0.346203 0.357010 0.041531 0.108854
8 0.439289 0.392208 0.044797 0.124667
8 0.259898 0.245885 0.020297 0.032979
8 0.301875 0.225031 0.018969 0.026937
8 0.827562 0.313010 0.047875 0.044604
8 0.875586 0.234052 0.030016 0.020604
0 0.087391 0.265937 0.010250 0.034792
2 0.048648 0.576177 0.097297 0.078021
2 0.155820 0.278531 0.050578 0.048729
2 0.886719 0.549521 0.191500 0.097667
2 0.935992 0.407365 0.106984 0.033063
2 0.115531 0.218938 0.031344 0.035667
2 0.039172 0.485427 0.077531 0.041479
1 0.700383 0.938677 0.074234 0.122646