5 0.717170 0.824160 0.038380 0.055413
1 0.162050 0.289333 0.030100 0.062240
1 0.896740 0.887653 0.036280 0.072533
1 0.163010 0.399773 0.038860 0.090107
1 0.197850 0.447160 0.041820 0.098800
1 0.912590 0.946387 0.047620 0.078320
1 0.328520 0.256973 0.026800 0.059280
1 0.933050 0.200493 0.033300 0.064720
1 0.958980 0.877147 0.040120 0.066453
1 0.193210 0.192147 0.039820 0.058693
1 0.796570 0.964573 0.053020 0.067973
1 0.809480 0.980587 0.055560 0.034453
1 0.341190 0.137427 0.018380 0.034960
1 0.857330 0.974253 0.058020 0.048613
1 0.933000 0.169333 0.050000 0.029333