7 0.773740 0.119773 0.112040 0.239547
7 0.716290 0.131467 0.465180 0.262933
7 0.960650 0.161707 0.078700 0.323413
9 0.559820 0.763387 0.282640 0.473227
9 0.228370 0.560680 0.261220 0.856187
9 0.141790 0.905080 0.283580 0.189840
9 0.151690 0.483147 0.296620 0.701120
7 0.387720 0.145947 0.056600 0.104427
7 0.311130 0.148413 0.028620 0.089253
7 0.146550 0.075880 0.021300 0.064400
9 0.920130 0.837253 0.158460 0.319840
9 0.773560 0.846387 0.171360 0.306320
9 0.125240 0.349240 0.244280 0.128133
9 0.761800 0.746067 0.138200 0.193253
9 0.905890 0.536907 0.184580 0.265387
9 0.376430 0.639813 0.055140 0.133173
7 0.265450 0.104680 0.027900 0.064507
8 0.437550 0.144067 0.059660 0.163280
8 0.477880 0.045320 0.092440 0.090640
9 0.859520 0.679800 0.158880 0.352080
9 0.099510 0.199013 0.198420 0.204640
8 0.587610 0.204347 0.015900 0.062133
9 0.464610 0.914280 0.083780 0.145467
8 0.684890 0.296067 0.157660 0.189307
8 0.335250 0.154813 0.043820 0.088293
9 0.394000 0.537333 0.784000 0.632000