1 0.078211 0.588229 0.080203 0.106958
3 0.822961 0.811990 0.070422 0.085104
4 0.548594 0.830333 0.433156 0.123583
6 0.361875 0.153000 0.112250 0.139875
6 0.155977 0.155104 0.091172 0.010167
6 0.158328 0.174937 0.090563 0.013667
6 0.457750 0.166927 0.022719 0.138521
6 0.161641 0.207646 0.090719 0.013583
6 0.161945 0.221531 0.091953 0.023229
6 0.158656 0.196917 0.093406 0.011625
6 0.159742 0.165750 0.091953 0.008375
6 0.165805 0.144500 0.075109 0.009500
6 0.154508 0.134490 0.095078 0.010646
6 0.152852 0.124062 0.092141 0.011625
6 0.152445 0.108969 0.095797 0.011062
6 0.964625 0.612469 0.068937 0.136896