2 0.804055 0.513510 0.179047 0.218479
4 0.792312 0.548687 0.123500 0.082542
6 0.181516 0.073927 0.363031 0.147854
6 0.270953 0.638927 0.040656 0.136063
6 0.575227 0.146167 0.015141 0.153792
6 0.639969 0.387260 0.015500 0.120438
6 0.309273 0.789687 0.061422 0.094292
6 0.173609 0.709187 0.058688 0.082792
6 0.199719 0.672667 0.072469 0.096625
6 0.321531 0.603385 0.040719 0.161896
6 0.363203 0.583146 0.035406 0.146083
6 0.385930 0.569250 0.021297 0.154875
6 0.364570 0.716823 0.038578 0.054938
6 0.335586 0.763812 0.053297 0.087917
6 0.293844 0.798802 0.069625 0.093562
6 0.232398 0.648531 0.071172 0.140854
6 0.528906 0.468750 0.939063 0.937500