0 0.482094 0.521990 0.033000 0.069271
0 0.807555 0.501229 0.056516 0.106833
0 0.733266 0.490969 0.035906 0.040021
0 0.684961 0.495125 0.047859 0.079000
0 0.628148 0.494167 0.046859 0.075917
0 0.464844 0.373615 0.019969 0.061187
1 0.533547 0.619375 0.045969 0.078875
6 0.409375 0.434188 0.072875 0.037000
6 0.025352 0.588688 0.018641 0.112292
6 0.011211 0.453969 0.019234 0.124562
0 0.537516 0.644687 0.059031 0.077708
0 0.533406 0.719750 0.067437 0.140417
0 0.481141 0.648552 0.049094 0.125479
0 0.423031 0.647406 0.050875 0.123312
0 0.355906 0.681552 0.055000 0.131479
0 0.374148 0.639073 0.052578 0.102313
0 0.413898 0.492896 0.038297 0.080500
1 0.448258 0.719542 0.059859 0.137250
1 0.442047 0.668375 0.055719 0.114875
0 0.594531 0.616667 0.364063 0.358333