0 0.349412 0.257647 0.242353 0.388235
0 0.271944 0.723121 0.265458 0.436209
0 0.136789 0.206364 0.268873 0.410376
0 0.763529 0.779412 0.195294 0.404706
0 0.520000 0.759412 0.225882 0.435294
0 0.468448 0.399175 0.141961 0.423252
0 0.699297 0.457974 0.139641 0.485980
0 0.589592 0.308072 0.209771 0.376176
0 0.843162 0.345523 0.209918 0.391503
0 0.233619 0.293366 0.112500 0.267941
0 0.211225 0.558260 0.097680 0.142239
0 0.908595 0.674804 0.084183 0.135000
0 0.504714 0.156748 0.074624 0.101765
0 0.504085 0.162582 0.544118 0.184641