1 0.716820 0.972073 0.034922 0.053062
6 0.212117 0.257323 0.151516 0.047979
6 0.134602 0.434094 0.092953 0.028187
6 0.117070 0.598927 0.067828 0.030521
6 0.030609 0.675469 0.028719 0.150021
6 0.071453 0.682167 0.019062 0.116917
6 0.137141 0.809948 0.080563 0.034312
6 0.044805 0.822937 0.085703 0.114292
6 0.004547 0.700885 0.009094 0.119396
6 0.055500 0.678448 0.021969 0.136063
6 0.055867 0.669490 0.034359 0.141812
6 0.047430 0.675625 0.020016 0.143042
6 0.029867 0.684208 0.016172 0.135542
6 0.021352 0.676250 0.025953 0.151917
6 0.039844 0.366667 0.042188 0.141667