2 0.868008 0.740583 0.153203 0.119958
2 0.727977 0.507802 0.076859 0.070271
1 0.797031 0.797271 0.042688 0.077625
2 0.745797 0.477729 0.057469 0.072375
2 0.795086 0.485406 0.048891 0.087104
2 0.797867 0.512604 0.036172 0.093292
2 0.043203 0.573708 0.086406 0.130292
2 0.159695 0.494010 0.027078 0.069771
2 0.236563 0.419229 0.026094 0.035417
2 0.363930 0.435802 0.038922 0.060146
6 0.832820 0.447646 0.042453 0.051167
6 0.967992 0.699427 0.064016 0.051646
6 0.971422 0.731260 0.057156 0.045729
6 0.226211 0.467854 0.073266 0.015542
6 0.216414 0.503583 0.060797 0.014583
6 0.726508 0.444875 0.060078 0.019167
6 0.722281 0.409917 0.045875 0.010458
6 0.926156 0.914750 0.129531 0.097792
6 0.718938 0.528021 0.061625 0.028542
6 0.724570 0.545021 0.080172 0.035625
6 0.220805 0.455000 0.069953 0.019458
6 0.218938 0.482573 0.062656 0.012396
6 0.499219 0.719792 0.998437 0.556250