5 0.970516 0.844353 0.058000 0.082610
2 0.749273 0.560303 0.435609 0.483152
3 0.479703 0.602025 0.083062 0.055491
4 0.440125 0.516628 0.274531 0.120313
4 0.106703 0.426075 0.165469 0.037370
6 0.791648 0.256117 0.041547 0.107766
6 0.849617 0.282411 0.073297 0.039603
6 0.719492 0.239248 0.025484 0.073653
6 0.764437 0.238549 0.030844 0.072338
6 0.693992 0.227662 0.030016 0.067265
6 0.762773 0.180960 0.059641 0.014781
6 0.743617 0.237359 0.013016 0.075971
1 0.626133 0.483862 0.060734 0.148017
2 0.110805 0.381816 0.174953 0.161044
4 0.696453 0.659259 0.180875 0.185950